file mean min max
output/o_fldare.nc     2011582.37191328           0.00000000  1571500672.00000000 
output/o_flddph.nc           0.06363980           0.00000000          13.31609535 
output/o_fldfrc.nc           0.00341772           0.00000000           1.00000000 
output/o_fldout.nc           1.49845724        -206.10560608        2777.84326172 
output/o_fldsto.nc      314912.80290277           0.00000000   305714208.00000000 
output/o_maxdph.nc           0.31515823           0.00000000          44.60191727 
output/o_maxflw.nc          16.43360793           0.00000000       12160.19238281 
output/o_maxsto.nc     3082612.98218954           0.00000000 14710156288.00000000 
output/o_outflw.nc          12.32657691        -389.93295288       10778.44921875 
output/o_pthflw.nc     3047593.20121400           0.00000000 14709019648.00000000 
output/o_pthout.nc          -0.00000199       -1651.07275391        1651.07275391 
output/o_rivdph.nc           0.30382243           0.00000000          44.60169220 
output/o_rivout.nc          10.82811965        -389.93295288       10778.44921875 
output/o_rivsto.nc     2732680.40193289           0.00000000 14709019648.00000000 
output/o_rivvel.nc           0.11996427          -0.76366973           8.57461929 
output/o_sfcelv.nc         480.87376483        -415.50000000        5356.70019531 
output/o_storge.nc     3047593.20121400           0.00000000 14709019648.00000000 
output/o_totout.nc          12.32657691        -389.93295288       10778.44921875 
